101530
464470
034230
000885
266160
452260
055490
261070
426020
35320K
476800
464310
030210
007980
018880
306530
471290
271050
350520
434060
069640
066570
359210
095720
465780
005430
463250
075580
001630
126560
238670
433870
253240
145850
305720
012750
455890
011780
00781K
435420
001340
015260
064960
438570
009320
016580
275300
249420
302190
291680
461580
419420
069730
183710
001510
010820
032350
306950
483030
368190
004770
058650
28513K
016880
449770
007310
068270
102460
298770
005950
082640
414270
052690
010600
025820
466930
451600
226320
437080
111110
010120
334890
436140
007460
044820
010780
266390
001520
462340
270800
445930
192090
449580
041650
005385
450910
004990
395160
004365
023000
464600
090355
477730
091160
123700
011000
236350
078520
004560
475350
293180
402520
435540
473440
461260
483330
404990
000230
139230
170900
290130
483020
015760
031820
001515
005800
192720
488200
139130
105010
008260
003010
152550
002785
486290
226380
298020
395290
115390
455960
030610
412570
005690
253160
419430
250780
428560
143850
367760
066575
444200
013700
294870
482030
453850
114100
396690
009420
001040
480260
185750
004100
476030
306200
225040
002960
025750
244580
017390
277630
441330
450190
097230
438210
329750
429870
008110
023800
461450
001120
266370
089860
003240
228820
305540
000390
013520
476810
009200
487950
026890
005940
472720
035250
448290
001750
140570
005965
452360
407160
365040
403790
069660
403550
145270
364690
468380
243890
476070
390390
167860
130660
463300
291620
364970
463050
102970
159800
114090
475070
058430
003520
468630
307950
018500
002310
009450
086790
37550K
122090
001430
025530
140580
225060
138910
450180
388280
114470
245710
256750
458210
476850
097955
017370
018670
003547
068290
45226K
145670
484890
011930
225800
091810
402460
306520
157490
289670
480040
000650
308620
000227
430500
071050
365550
473500
006800
310960
161390
004720
007810
109070
007540
478150
007660
000215
006060
251340
011280
094280
003670
471780
004360
007160
462330
470310
248070
423920
293480
459370
467620
437350
003690
360150
006200
066970
215620
336160
003495
010420
009460
404540
481180
000590
411060
003545
183190
015890
014130
008775
001200
004440
461460
009180
084695
442580
271940
385720
157450
000815
301410
005389
027740
039570
071090
314700
466920
006980
214330
298690
039130
092790
463640
468820
487240
261140
051910
464540
001525
002020
003780
077970
001130
421320
000990
001940
001740
145990
373530
005820
047050
487750
005090
280920
028050
325010
000720
091180
008250
099140
090370
476310
102110
381570
025620
447770
475080
330590
078935
021050
485690
014285
088980
005320
011210
379800
000040
025000
292500
020000
137310
446070
453010
168580
480030
326240
293940
002170
03473K
391600
223190
152500
001270
196030
004870
029530
002900
148070
292190
014820
465580
007570
457480
457700
00088K
002760
448540
034230
003300
261250
450140
008500
435550
033250
381560
445290
336260
182490
071055
100250
442320
429990
276650
011200
412770
454180
014990
278240
010770
058860
479620
023350
000370
023590
117460
117700
047810
138490
001530
011150
033270
375270
487130
253250
266360
451670
292770
415340
371130
245360
009070
009150
016380
002990
006125
014910
016740
044380
101280
417310
455030
300720
002360
252420
488500
486450
011690
448330
000890
004380
012330
475050
454780
006805
277650
014160
009580
307510
008600
364980
438080
472490
000480
204450
139990
016450
132030
413930
460860
455860
015860
136490
002710
007815
002220
266410
025540
379790
003560
006490
002920
364960
385520
002410
348950
002795
357870
004430
333980
474800
475720
006220
030000
407170
088350
108320
217780
011790
003610
007210
012800
117690
004960
153270
267440
480460
034730
248170
013870
460850
407830
003650
433880
000810
005680
102280
456880
064350
033780
475260
252710
001065
006345
229720
390950
438100
009415
092780
460960
114460
005745
003090
005870
461600
322400
189400
012280
018470
447660
305080
101140
014680
009810
014830
003030
453080
147970
000885
001420
332620
003070
267260
294400
077500
266550
007340
365780
009970
332930
103140
000500
396500
326030
428510
276000
079980
267770
001560
304940
326230
472160
002995
023530
117580
020120
009835
367740
004270
245350
006370
354500
449450
360750
458750
471230
33626L
143860
117680
071320
009140
000760
456100
227840
003120
001360
441800
012600
385560
001230
190620
130730
227830
002210
395400
449180
004920
453810
014825
411540
265690
091090
001067
034300
394350
477490
000520
225130
195970
002200
002690
139280
387270
228790
051900
261270
067830
085620
019685
004310
033180
137610
244670
442090
473590
100840
464930
472840
092220
002700
081660
434730
011330
105560
371160
381170
005725
024090
301400
007070
001450
009160
307520
280360
001390
435040
373790
057050
060980
291130
010955
466400
019680
001800
211560
000087
462010
217770
477050
329180
00680K
004980
470320
237370
440640
469830
227550
475630
002840
482730
250730
464060
015230
417630
397420
010690
006120
237440
005810
011300
004840
344820
448880
300610
234080
096775
005360
461490
003555
395170
900140
463290
131890
033240
010400
459580
385590
000640
448510
009290
028670
108450
459560
415760
459790
377990
436180
233160
015020
352560
480020
391680
423160
138930
363280
450080
261110
469050
139480
266420
001470
183700
481060
122260
455660
440340
001080
476450
192080
051600
006405
248270
483280
329670
013000
309230
140910
322000
394670
152100
002600
314250
476550
282330
004170
070960
379780
375760
443060
472920
178920
001550
483570
319640
001290
009470
023450
002780
210540
003490
407300
365000
032560
006390
091220
005250
469150
02826K
092200
219390
005300
030200
007120
013580
104700
261220
426410
014710
476760
304660
485540
450120
007610
465680
251600
002880
155660
446770
140710
475380
253150
003720
133690
174350
004255
003570
012205
447430
000145
310080
261260
169950
002820
138920
418670
292730
005880
009540
225050
339770
002150
001795
004710
317400
003220
411050
275290
479850
014915
458260
049770
003465
001070
315930
008770
267290
000100
482870
434960
329660
427110
002460
400580
401590
438320
003280
128940
432600
098560
445950
461500
304770
469070
006380
487230
088790
476000
424460
015590
453330
138530
290080
252650
000150
218420
280320
241590
047400
278620
448490
111770
004080
180640
000320
017900
003480
030720
400760
438740
005490
005500
26490K
017800
000157
012690
139660
010620
002790
292050
006280
00499K
950210
473640
042700
473490
377190
404650
002320
453630
278540
006650
451000
002380
251590
093230
001790
011230
446720
000880
275980
032640
007280
009440
213610
282000
461900
271060
009680
009310
139260
024890
453060
017960
073240
380340
100910
002720
139220
243880
094800
333970
034590
003160
470260
001570
017180
102960
213630
004250
407820
453340
005070
000540
402970
388420
239660
182480
011090
256450
036460
090435
38380K
005387
284430
005830
331910
357250
333950
272570
085310
295000
400970
475150
112610
003580
134380
271560
025890
001755
195870
010960
000155
140700
438560
000140
009830
381180
138520
269530
471460
456610
017810
439860
105630
006400
418660
139320
280930
457990
152870
227540
396520
423170
463680
452250
367380
472830
071840
150460
411860
004690
454910
093370
459750
391670
244660
304670
002450
372910
371460
333940
377300
282690
003540
166400
291630
453640
105780
019440
000490
009270
035510
104520
444490
269420
448100
152380
129260
138540
144600
196230
214420
407310
292160
108675
002420
034220
447820
376410
001685
477080
469160
006880
368680
429760
006090
000180
337140
361610
002630
433850
024110
035720
053690
004140
241180
003920
33626K
000270
429980
438900
472150
469060
003535
466940
007700
426150
00279K
316300
451060
034830
000020
012630
002240
003550
006570
010660
053210
267850
457930
153130
483320
002390
123890
304760
192820
289480
449190
160580
275280
133820
008355
075180
010060
000680
302450
289250
008700
259960
114820
022100
479730
004540
138230
145995
069460
279530
448730
010140
00104K
003080
012450
315270
002870
091230
122900
089470
468370
001460
001465
241390
105190
371870
395150
017940
037270
007690
446690
272450
272910
020150
105840
429740
003830
005010
433970
295020
469170
329650
371150
451540
456680
453870
261120
395280
228800
457690
005030
029780
005110
471990
004370
114260
014530
016610
453650
292150
433500
433330
300640
466950
001500
025560
001820
011785
063160
337120
000210
014580
143210
003680
007860
385550
013360
419170
021820
000300
329200
432840
455850
289040
442560
465350
432320
039490
118000
214320
033920
228810
334690
156080
090430
204320
252000
004910
024900
000700
465610
267450
433220
399580
458760
442260
005930
195980
140950
286940
298000
413220
261920
379810
442570
486830
449780
003350
016360
126720
479520
462900
161000
207940
252670
256440
023150
001720
469530
011700
479080
280940
003075
442550
084870
004545
055550
030190
481190
032830
042660
051630
049800
352820
000075
122630
000970
011760
097950
346000
474590
002350
035000
123320
356540
001250
195930
367770
007590
328370
100090
019170
475300
229200
009240
458250
000105
004890
035150
090350
107590
308170
316140
483420
104530
229640
451800
084680
005257
036570
429000
33637L
361580
010040
001210
394340
472870
015360
002140
111380
005850
264900
016800
069960
261060
281820
261240
272580
006890
004800
364990
012160
036420
013570
45014K
200880
373490
466810
002355
134790
004415
368590
072130
475270
002787
473460
219900
463690
029460
315960
363580
227570
005610
402340
275750
273130
004830
440910
004150
004090
008350
011500
005180
009900
130680
004490
453660
378850
004700
021240
017860
322410
441680
203780
449680
006840
291890
433250
004410
465660
456200
161890
002620
445910
004020
026960
008490
400590
432850
269370
000725
114800
020760
484790
008040
411420
460660
002100
024720
002025
404470
439870
385600
471760
003475
475310
385540
210780
084670
452440
214390
305050
008060
272210
079430
108670
438330
232080
474920
044450
037560
006740
034120
456250
058850
006260
488080
283580
016590
244920
010130
181480
390400
093050
005740
071970
005720
012610
469820
357430
469580
139310
003850
163560
014440
003200
270810
341850
017670
018260
037710
462520
004105
012510
363510
069500
433860
371470
074610
000850
464470
004985
006110
001440
271980
486780
227560
251270
120115
145210
287180
410870
089590
446700
449170
005420
136340
396510
409810
473290
464920
476750
332500
464230
437550
441540
474220
375770
404260
427120
451150
465330
005945
304780
095570
417450
006040
001527
460270
047040
354350
404120
472170
001770
385710
078000
034310
360200
204480
276970
486790
008970
332940
415920
195920
023810
394660
352540
472350
003460
387280
016710
028260
004000
437370
298040
072710
096770
381970
233740
337150
474390
323410
119650
011420
009770
300950
200030
401470
185680
426330
003230
252400
273140
081000
019490
058730
001620
465670
445690
012170
093240
086280
012030
008420
006360
205720
008930
003000
010100
284740
481850
078930
488210
422260
467940
467540
480310
010640
011390
123310
277540
025860
325020
395270
000070
001275
100220
285690
332610
097520
268280
031440
448600
481200
001045
139240
409820
012320
473380
412560
357120
000120
027970
310970
101530
272560
371450
33637K
278470
338100
460280
014790
036580
279540
284980
253230
001680
448570
033530
008870
168490
253290
002810
486240
451530
360140
395750
000050
253280
009410
005440
458730
092440
447620
031430
079160
237350
051905
383220
014280
011155
481050
176950
006340
483290
001380
252410
123690
461910
377740
034020
000400
225030
485810
008730
017550
336370
483340
002030
416090
001140
372330
011810
120030
003470
002070
010580
204210
011170
084690
096760
004970
003530
238720
401170
285130
419650
462540
316670
483230
007110
292560
042670
001020
006660
001060
018250
000080
298340
000910
461950
214980
051915
027410
005960
37550L
399110
448300
234310
139250
334700
414780
005935
226980
354240
465770
36328K
004450
007575
005750
481430
079550
023960
484880
010950
267250
457190
411720
120110
18064K
211900
00806K
385510
456040
102260
456600
175330
219480
453540
210980
102780
082740
000325
192650
083420
281990
251350
448630
108590
471040
200250
138040
276990
000220
267270
373220
400570
440650
465620
004060
462870
375500
244620
000660
213500
461270
157500
422420
383800
445150
000860
091170
226490
453820
005380
004835
426030
475280
458030
321410
005390
003925
019175
461340
363570
429010
092230
295040
128820
143460
103590
437070
000950
139270
487340
069620
353200
241560
084010
020560
181710
194370
441640
481340
000240
009155
435530
174360
016090
003620
333960
267490
013890
469790
000670
277640
272550
019180
001260
000545
449690
000225
028100
476260
017040
012200
069260
278530
269540
192400
289260
036530
476690
005305
139290
001780
088260
071950
245340
145720
337160
230480
473330
220130
090080
148020
298050
453950
397410
302440
026940
003960
003060
433980
011070
035420
464610
090460
000430
161510
395760
454320
131030
075130
084990
368970
192440
272110
455250
256940
036170
217480
036690
432470
185490
291810
142280
032800
080520
056080
097870
187790
347890
058470
069920
059090
206400
320000
025980
204610
074430
215100
361670
418470
072870
260930
014470
053280
199430
049830
032080
036630
317850
206650
030530
232680
068940
060540
098660
218150
059120
460930
321370
047920
424980
032540
019590
086670
054920
351330
035900
032620
089850
038870
141080
225590
196450
317120
021045
310200
066410
008290
026150
102120
205470
087600
207760
033560
073540
175250
348030
042500
250060
086960
013310
037230
052600
215200
089600
189690
355690
039980
025900
094850
106190
241840
264450
319400
425420
058970
078860
220260
160550
041960
290660
033340
194480
418210
040160
052670
318410
123330
097780
057680
049630
336570
452280
100030
182360
214430
221980
109820
418250
251970
044960
033160
240810
091970
437780
219550
380540
119860
058630
123860
450940
075970
452670
417840
130580
098120
052460
003800
153490
449020
317530
225190
363250
011040
328130
238090
258830
018000
051360
054780
041520
317770
288330
219750
218410
040610
256840
200130
034940
046070
019540
001540
042110
066590
045520
451250
170030
289010
104620
475250
206640
042370
092040
067080
126700
110020
065510
069540
121890
024810
438220
471050
033050
290520
445360
052260
369370
203650
013810
417180
468510
270870
032960
317690
232830
038500
365330
226400
235980
079960
413630
032685
037460
306620
171010
074600
282720
023770
225430
053450
241710
007770
050860
012700
082920
378800
002290
009730
388870
101000
012790
263920
900070
225530
050760
281740
294090
217620
314930
023460
095340
054930
357780
900110
086980
089150
405000
041830
053610
143540
049180
265520
220100
337930
455310
237820
376980
446190
051490
058110
023910
340570
160600
054180
095270
080580
045660
126730
036010
014200
331920
044480
065170
140860
356680
088280
011320
094970
063760
311320
003380
131290
073010
376930
036220
106080
099220
064520
305090
065950
025550
357550
053030
034810
413600
048910
439250
382900
241690
264660
186230
039240
105330
900310
115530
109740
046940
063440
246710
028300
377460
164060
131090
154040
353810
146320
338220
119850
236200
293490
277810
017890
208860
304360
171090
023790
389470
203450
251630
046390
060570
138080
253840
072770
033130
033230
022220
900340
053260
027710
014620
215360
214870
101730
001000
204840
079650
477760
290270
263050
352940
119830
007370
900270
027830
126600
262260
064850
072520
148930
013120
312610
302550
199730
435380
042510
078940
041510
041910
094360
017510
322310
263720
368770
215090
138070
043610
065660
001840
032300
038460
159580
137950
060250
100590
080720
010240
006920
033540
101670
100700
356860
475240
080420
243070
024060
389500
330860
464440
002800
335890
067630
419540
223310
348340
033320
226330
448740
068930
416180
216050
317240
455900
032850
107640
413640
045100
357580
144510
052220
067900
000440
263810
347000
080160
060240
196170
455910
017000
109860
104460
012860
041020
131370
452190
156100
125210
092460
086900
035600
096690
031510
166480
304840
239340
402490
006620
285800
038950
050960
058400
039610
247660
474490
136410
033200
255440
332570
332370
344860
065450
036120
301300
230980
347860
440110
279600
078590
450330
361390
122350
200710
108380
041590
066700
306040
217190
060480
064760
039020
140430
382480
356890
474660
204270
270660
263020
138580
225220
076610
217500
095660
307750
035460
251370
053620
458320
237880
131400
123420
006730
054040
285490
408920
091580
017250
046210
052020
214310
122310
126640
173130
348150
079810
160190
078890
136540
143240
273060
175140
066670
274400
088130
065060
076080
430230
422040
060850
411080
015710
234340
033830
114190
045060
200470
286750
241770
200230
257720
017650
415380
049720
089980
272290
333620
024800
442900
138610
030960
049080
021080
137400
200350
217330
071460
083310
291230
133750
198080
382840
179530
067370
071850
101490
162300
317330
023160
053700
065350
094820
210120
259630
016100
054300
353190
450520
066130
451700
307870
067920
318000
092070
100130
214180
258610
099430
104040
040300
321820
105740
048770
104480
024120
009520
179900
270520
064240
438700
222110
019550
121600
253450
294140
403870
089530
027360
088800
137940
054540
299030
109610
108490
070300
446150
322510
330730
340360
123840
354320
239610
340930
124560
298380
085810
263700
148150
243840
323990
357880
077360
054450
096610
128540
056090
452300
056730
079970
086710
038060
334970
179290
291650
464680
271830
206560
293780
005990
319660
252500
246720
003310
139050
108860
056190
041920
420570
140670
458870
442130
067570
290560
084850
278650
236810
445970
234100
238200
430220
096240
051370
139670
336060
238490
950220
014100
054210
096870
313760
047310
042940
101170
092130
299170
101360
054090
290380
161580
038540
049480
095610
114840
435870
359090
396270
038620
150840
347850
189980
032580
230360
069330
086040
067160
214680
041460
317870
251120
086450
452430
347740
335870
303030
090470
025880
008830
200670
290690
083640
036200
052300
289080
042000
038290
138360
430460
340440
331380
042520
045390
388790
198940
403490
462350
101680
226440
060720
204630
377030
093920
217270
331520
021320
330350
126880
066310
444920
429270
039340
066620
083450
168330
477340
024830
419530
388720
061970
065130
188260
080010
123570
299900
127980
086890
016600
044780
098460
021040
094860
260660
340810
382800
129890
446540
079170
191410
230240
011080
204620
252990
037350
142760
222980
047770
333430
056360
192250
215380
016790
046310
092300
187270
265560
035810
275630
424140
131100
096530
088290
099320
196300
457630
241820
049070
012620
187660
187870
043650
088910
065770
038010
092870
037070
214610
303360
044060
215600
035890
107600
287410
225570
214260
309930
104200
261780
013720
019770
082850
263690
451220
478110
307280
241790
052770
078160
099750
123010
274090
065150
276730
234920
043150
227610
262840
130500
043260
153710
201490
019570
087010
950130
063080
025320
023900
014190
023410
315640
073190
068050
027050
367000
005160
053060
066900
430690
049470
208340
205500
441270
018700
458610
071280
112040
284620
026040
435620
190510
368600
255220
215790
405100
092600
043370
121800
036000
050890
189860
005710
439090
418550
007720
130740
014940
002230
027580
321550
226950
393210
010170
448760
318020
327260
307930
352090
045340
322780
036090
033640
090150
033500
221840
065710
016250
277410
950200
051780
177350
452200
053580
051980
064800
115180
417790
049950
228760
333050
418620
100120
134060
352770
078600
187420
060380
079950
384470
053300
011370
114450
296640
154030
246690
082660
039440
469880
094940
159910
115160
445680
373200
417970
353590
412540
042600
044180
445180
473050
032940
006910
064820
199550
407400
131970
258790
308080
183490
244460
163730
067280
071200
310870
298060
229000
036830
432720
093190
106520
217730
007330
065440
214370
195990
372800
101390
318010
122870
036030
084650
172670
195500
900300
004650
038390
477470
223250
246960
053160
090410
100660
224110
208140
031310
140520
155650
348350
085910
269620
900120
052900
448830
041190
174900
111870
010280
067290
054220
069080
212560
182400
241520
002680
109960
256630
058820
032980
057540
420770
005670
448370
196700
089140
004780
131760
950160
348370
008370
029960
027040
148250
060310
036800
448280
048830
050120
115570
099520
122640
159010
446840
222040
348080
053080
080220
066910
038880
086060
115450
039740
234300
452400
419080
434480
376180
461030
069140
303530
443670
039200
394280
037370
122990
191420
072950
101930
043220
067010
260970
246250
083650
123750
043910
045510
093520
371950
054950
321260
079940
083550
036810
227100
257370
045300
033790
211050
053590
124500
137080
019210
377450
208370
472230
276040
146060
089970
109670
439580
036180
078130
048530
219420
158430
261200
043090
018620
099390
043340
048870
047080
023760
141000
466910
065370
267790
174880
253590
119500
900290
311690
254490
184230
050110
263750
028080
065680
066790
039290
430700
091700
178780
052860
144960
226360
950110
437730
450050
227950
405920
064480
084110
025770
147830
354200
025440
168360
417200
095700
147760
267980
293580
424760
440320
032280
084180
208710
453860
399720
277070
117670
418420
086520
215000
078150
347770
039560
264850
396300
068100
056700
083930
328380
408900
454750
273640
419050
079370
900100
060280
222080
068760
318160
476470
063570
041930
123410
472850
097800
015750
151910
304100
051160
079190
950140
288620
094840
007680
042420
080470
068240
352910
072470
089230
440820
351320
362990
078070
102710
013030
086820
102940
178320
007820
019010
048550
082800
254120
073640
221800
478440
170790
189330
171120
226340
091590
067170
044340
073560
383930
088390
054800
054670
452160
052420
265740
046970
090710
000250
457940
477380
114630
069410
208350
024880
081580
035610
263600
120240
105760
323230
473000
211270
108230
018120
425040
035200
115310
415580
096630
297570
053050
013990
950170
348210
239890
067390
067770
058450
300080
193250
093380
214450
095910
009780
224060
290670
149980
366030
024840
043100
433530
372320
389020
250930
417500
425290
048470
092730
110790
365270
067730
479880
300120
477530
373110
001810
039830
417860
067310
104540
149950
099410
099190
054410
035080
03481K
035290
092190
418170
317830
309960
049520
213420
037760
391710
064550
122690
109080
036480
103840
424960
033100
005290
118990
035760
093640
046120
448710
199820
465320
009300
195940
020400
127120
151860
069510
117730
061040
443250
170920
047560
009620
048410
177830
059100
377220
106240
290720
357230
377480
263800
054620
469900
008470
059210
440790
035620
065500
215480
065570
222800
372170
063170
046440
208640
039010
019990
045970
452980
140070
302430
011560
060150
446750
060260
454640
469480
376290
389140
363260
412930
462510
091340
049960
053800
131220
456010
278280
126340
020180
072990
051390
050090
096040
047820
457550
068330
169330
057880
290120
263770
134580
290650
397030
347700
131180
038680
036560
222420
358570
140410
024950
036540
388050
204020
473370
242040
950190
222810
373170
339950
370090
016670
237750
145170
307180
036620
062860
323350
014570
010470
039310
038070
362320
003100
282880
245620
290550
049550
083500
189300
033290
020710
197140
129920
453450
095190
451760
360070
067000
086390
352700
153460
083790
376300
024740
148780
032190
042040
043200
115500
006140
040910
032860
474930
036640
299910
034950
115440
115480
190650
038110
289220
025950
007530
031860
066430
032820
073490
900280
352480
085670
121440
038340
060900
065650
462020
018680
406820
389260
298830
024850
090360
311390
456440
439730
128660
104830
040350
136480
445090
222160
101160
081150
247540
200780
228670
101400
203400
123040
031330
436610
228340
203690
332290
406760
005860
052330
089030
355150
173940
051380
070590
087260
089790
478390
198440
294570
294630
196490
421800
096350
393890
442310
192390
082210
378340
467930
054630
267320
089010
036190
101240
007390
900260
145020
091440
314130
036710
263540
143160
060370
080530
066360
298540
060230
039420
295310
217820
024910
036890
052710
053270
043360
205100
100790
059270
228850
023600
017480
268600
288980
064290
080000
091120
037400
052790
053350
078350
078340
355390
419120
058610
250000
115610
049120
308100
093320
232140
084370
044490
121850
256150
084730
033170
142210
442770
032680
084440
402030
032750
021880
389030
094170
456490
432430
043590
037950
033310
299660
019660
037330
216080
072020
338840
085660
071670
114810
068790
219130
468760
032500
111710
039860
030520
057030
031980
083660
053950
095500
440290
041440
150900
314140
036930
066980
220180
046890
234690
016920
039840
417010
083470
297890
037440
360350
079000
062970
160980
439410
053290
064090
122450
214150
237690
078140
183300
039030
101330
127710
014970
365900
036670
078020
192410
396470
187220
361570
290090
082270
322180
048430
089890
290740
025870
099440
040420
029480
052400
199800
457390
112290
464080
194700
067990
049430
060560
113810
006050
026910
238120
054940
472220
365340
180400
064260
090850
377330
037030
376190
383310
065530
105550
297090
054050
073570
060590
073110
030350
102370
061250
438580
310210
214270
038530
065690
335810
023440
365590
263860
110990
043710
323280
065420
018310
053980
277880
004590
119610
412350
018290
094480
012340
024940
900250
032790
051500
021650
103230
240600
166090
