032190
221800
243840
010140
000680
161890
485810
298040
262260
123570
067990
080470
003090
294630
123700
307950
008600
002140
051905
090850
215200
039340
148250
252990
002600
003480
232680
261270
003460
093520
454320
227550
287180
403870
456440
275630
115530
381170
147830
178920
009830
475310
086960
115180
056700
025860
094170
451000
187870
371450
051370
104530
464920
179290
477490
006345
438330
084110
000087
084850
475270
030530
451220
099140
000240
017180
418620
300640
448490
340810
332500
382840
060250
078860
459790
001045
073540
445910
068240
336570
060900
33626L
196030
488200
015360
473500
010770
175250
367770
214980
277410
018620
432430
411060
267320
362990
317330
263020
226340
030960
002990
380340
472870
269620
226980
440820
438900
352700
245350
033790
002355
003920
222080
348950
084870
225430
016740
005387
000970
011170
072470
035760
022100
001420
021045
086890
037400
388420
013520
390950
002840
323410
481340
166090
100130
282330
013990
006980
007810
243880
084010
000850
126340
333620
090470
138040
322310
366030
262840
051980
023760
238200
426410
460280
461900
073110
106520
900280
012170
340570
348030
003300
430700
196300
065770
261110
086710
307180
481050
299910
032830
376300
032640
089860
950140
455900
477050
087010
044450
217770
322000
001200
372910
004830
010400
093230
152100
003380
069540
006570
379800
465330
052220
357430
065060
263860
275280
040350
426030
000105
131400
204450
483420
067160
016100
053800
321820
290130
026040
291680
354200
036890
002410
053050
121850
005810
189690
071460
078350
182360
356680
107600
451150
155660
052710
437730
420770
091090
019180
396690
313760
017040
479620
000215
205100
303030
204210
481060
003960
467930
452260
060570
043200
394340
082270
052600
072870
143460
479730
456600
046120
950170
039010
264660
012330
036640
483230
019540
472850
462870
006220
265690
092070
227840
446840
008770
407820
099220
023810
203400
246960
000220
290090
050890
010820
058860
027970
019570
200710
041960
010170
101240
328380
438560
004150
399110
059270
476550
449580
050860
455910
376410
354350
136490
003780
437550
058430
428510
373790
019175
069960
034220
355150
484890
240600
411540
042420
033250
237440
004840
007540
078000
004090
068760
222800
466950
237350
139660
066980
004365
224110
098120
005800
053450
201490
065530
102970
002320
084650
263600
090360
177830
385590
000950
148070
361570
001530
056730
446190
152550
033170
435870
196230
304780
145020
189980
083450
025320
368600
450050
277640
102280
278240
023440
003670
043910
052790
449690
298380
400580
131090
108590
141080
131290
248170
032540
153460
066310
474660
002620
013310
468380
479080
216050
014530
025550
012320
083420
292560
418250
448760
140520
004870
036000
006050
065420
091180
227560
002995
007070
332610
047310
279530
137940
160190
478390
012280
090370
314930
348210
261250
157490
046390
447660
065660
073560
073570
412540
064800
280360
170790
065570
288620
094970
192650
066360
086390
078070
007660
461490
340360
001000
012600
080160
024740
109070
450520
207760
304760
475380
321550
211270
090435
445680
041440
049720
140710
005940
456250
060380
360150
442320
204840
051490
449020
037070
208340
429980
065680
078340
035200
009310
263720
45226K
203650
069640
442090
292050
131370
008970
148930
381180
013870
438740
004430
037440
121600
483320
217620
215790
016090
309230
352560
098460
466400
465580
034120
157450
348370
045100
079370
377300
468820
270660
005180
225800
123040
280920
094280
049950
199820
018470
033270
391670
388280
056190
065150
214150
033160
040300
189400
064850
385520
475250
105550
080420
140410
469160
002920
385720
104460
455960
063170
006490
283580
455890
309930
460860
275290
063160
041510
229720
051780
226330
035150
054780
003010
263540
487340
138610
195920
122630
471290
482030
092730
058970
240810
000210
351330
035600
400570
412560
002240
005090
453860
347740
071090
950160
426020
114090
334700
460660
227830
015230
950190
026150
080000
031820
394670
410870
137610
120115
214270
277880
237820
011785
142210
046890
439730
465780
173940
073490
042000
244620
155650
046970
289220
310080
143850
053300
104520
365550
134380
002870
002025
407170
012800
217820
239890
415380
060260
217190
048530
014620
060980
471040
069260
143860
052460
482870
476000
009070
022220
086820
123320
038460
363250
000540
078140
393210
101400
000500
083640
122090
000180
111380
069660
187790
082850
001520
108450
049080
468370
058650
008060
003550
017940
387270
003495
001067
138910
115450
026960
140570
900110
372330
089600
159800
272110
051360
007370
480460
172670
067900
310200
023530
219900
139250
008350
009970
473000
900140
130660
199730
357580
331910
005710
244580
395400
060150
323230
222160
434730
267770
005490
308170
454750
377480
101930
203690
306520
114460
004000
306950
195500
068270
273640
048410
014940
263700
160550
040910
458760
054620
290550
900260
105630
011700
251340
454910
004105
290690
454640
086670
140860
010660
417840
049800
379790
441640
290650
417180
214420
008355
377990
361390
419120
458030
085310
208140
210540
038060
272550
035890
408920
002220
032500
064290
365900
337150
021080
006880
033320
010690
129260
048550
117700
273130
434960
444200
092130
034810
027040
032680
002310
381560
453850
048470
258830
019590
078020
006060
319400
052400
014285
009900
007680
414270
245340
001515
100220
397030
417310
322410
458730
330590
031310
023600
138070
085620
442260
004410
312610
085810
251590
071970
004960
095910
468760
440290
483020
469830
009300
010950
101390
091440
144960
452200
471780
367380
196700
033780
051600
002630
101680
271060
089890
000075
000020
052670
130740
226950
170900
008930
204630
152870
281740
453010
238670
471050
138580
198080
303530
093380
088350
276990
464230
000080
388870
340440
083550
425040
379780
126730
277630
396470
068330
260970
267980
008730
006260
448370
475240
432850
002200
033180
000150
457480
222110
365040
385710
261140
187220
302450
015860
306530
043340
295040
188260
105330
021050
001250
139670
160980
161510
418660
006840
320000
046440
219130
036530
053690
101330
473460
009520
091580
454180
429010
189300
127710
054300
099520
297570
018290
461260
433530
002820
035510
003520
039240
267260
430460
475720
092200
001230
067920
045660
047080
013030
139290
084695
476800
403490
029480
446750
461030
014830
084990
192250
024830
001390
004770
083310
467620
023800
005320
084440
058850
234340
059100
453540
285130
396300
036690
469060
095700
009150
139270
103590
070300
100120
065650
464930
269540
100030
037270
091590
396270
009835
456490
122640
006390
015260
241770
089230
447430
004560
441330
001540
053590
017370
275750
000430
096690
221980
376190
007280
052020
316670
307930
440340
064550
204320
433860
005965
005720
390390
440650
005290
112610
222040
480260
164060
465770
034940
002390
377460
412770
289260
446150
191420
042500
038680
293940
442560
001527
463690
206560
452160
066410
002880
446770
009320
263920
455310
219420
101160
054630
036670
005880
432720
108860
287410
295000
071850
225050
384470
456610
007815
055550
101170
095500
429990
239610
251970
000910
450080
238490
485540
473050
472720
396520
368970
455660
438220
063760
184230
465610
020560
482730
282690
084680
448880
430230
311690
469900
412930
109820
039560
419050
061970
149950
00499K
016670
003830
276040
271940
253280
465350
145270
009460
229000
068100
217500
067290
185750
098560
225220
475300
307750
015890
472160
067010
222980
078930
232830
072520
225590
064520
143540
004780
203450
199550
002230
014470
192440
005610
000880
217330
068050
054950
072710
126720
399580
033130
123890
011780
213630
183700
322510
003280
469790
079000
011040
464470
036930
088130
189330
407160
465620
014200
020760
132030
097520
020150
271560
441800
395270
168330
371160
266160
444490
065130
424460
034730
298020
102780
382900
006125
462350
382800
208640
005390
014910
000990
137310
005820
031510
200230
207940
446540
105780
074430
153710
138080
039830
007610
310210
103230
005725
450120
011500
200780
049070
091810
011330
371460
256440
376290
464080
252400
053350
469530
278280
043100
014100
136340
020400
071055
448710
054210
365340
082660
002170
000070
071670
092790
006805
111710
211050
004360
071200
206640
039840
007570
361580
256450
195870
017810
365330
451700
396500
299170
170030
079980
096240
038500
094860
006400
250780
000545
092870
034590
300720
091160
025750
378800
457990
015760
404120
134790
256150
121440
437070
195980
244460
476070
005830
050090
015710
218410
462330
470320
185490
066700
477340
263800
038870
339950
153130
001510
365000
407400
483030
290120
075970
457390
047050
128540
278540
466920
108380
099320
068930
234080
241820
001780
456010
388790
002360
009580
317830
363510
278530
067730
043260
388050
003240
242040
18064K
003680
455850
302550
462900
021240
478150
053950
016360
007340
239660
226440
015020
466930
168360
003720
325020
115160
092780
000155
007770
150460
480020
950210
014160
461600
462520
465660
196450
35320K
004700
478110
001465
416180
404540
249420
375770
234920
326030
006090
010470
036570
028260
073010
000885
097950
368770
052690
417970
204020
273140
460960
036810
290270
034300
060280
180400
036630
101360
113810
276650
279600
025530
246710
049180
179530
001275
452360
077970
451800
148020
024840
168490
021880
400590
061250
067630
120240
472220
205470
246720
031980
005960
003570
094940
332290
130500
111770
094820
071280
001840
37550K
018500
463290
336160
079190
138920
182480
033230
464310
181480
002460
418210
025560
426330
092190
005500
095270
069620
174360
032940
316300
380540
440110
039440
073190
304670
042370
474930
475070
241560
043650
140670
006360
064350
472840
438100
011300
029530
356860
052770
433850
215090
472150
006140
078160
006120
004250
002210
017800
003690
117580
060480
237750
043590
352770
297890
081660
290380
019440
225060
093050
409810
139230
027580
472490
440910
440790
461580
411420
014990
477760
017900
012860
266410
368190
444920
415760
150840
037330
00680K
005745
258610
466940
019490
006040
900070
450330
443670
006280
475080
322780
351320
309960
300080
039610
424980
011000
227100
290520
419420
005070
003080
461460
114190
036420
395280
007210
346000
065510
008870
152500
000725
105840
437350
306200
194370
012200
101490
228760
024910
279540
040160
166400
111870
292730
036480
435530
055490
293180
000640
140950
002350
023900
089010
174880
084180
000120
001525
019010
251120
006370
261920
048910
041460
448100
039570
024900
048770
054800
268280
032790
457690
001500
004970
423920
010580
002787
322400
148150
036180
026890
356540
281820
198940
079950
003100
123310
042520
000760
024110
900310
315960
050120
001070
000225
220100
453660
091970
365590
120110
217480
138930
025000
393890
002720
424760
228850
357250
371950
360140
027830
149980
304840
019680
208860
012690
001360
123420
167860
271830
005870
474390
488210
124560
005935
261070
000670
032820
038070
017510
032800
383930
481180
461450
26490K
424140
182490
016880
434060
089470
464610
138230
109740
016250
224060
310960
206400
417010
009440
139130
046210
017550
060850
088290
001260
317530
003555
484880
317690
096350
002960
033560
307280
208370
088800
407300
190650
120030
453340
000145
244660
106080
315640
042040
363260
473440
476310
098660
243890
124500
064960
251370
003535
389030
266550
054940
117460
131890
469050
409820
286940
123840
323990
264450
070960
137400
336370
210780
114470
006200
347700
001040
013720
006660
023460
080220
075580
371870
139240
260660
463250
004060
066430
041930
479520
445950
035000
014130
058450
487950
039860
066575
028300
016380
013580
060230
337160
483570
090430
241790
054180
000040
002700
131100
045510
021320
005380
140580
445180
467540
047810
308080
311390
096870
049480
122900
263770
900300
024850
318000
014970
222810
253290
435550
024950
091340
432840
439580
035080
264900
102460
109670
432320
236200
000100
041830
023150
447820
459750
357780
448740
048430
252410
307520
377330
007110
006380
042660
353200
054040
227570
291650
261220
001755
196170
175330
007390
297090
053610
045970
235980
078150
042670
138530
485690
265520
406820
027360
010060
439860
332570
029460
395170
043710
318410
185680
047820
021040
305050
068940
038880
277650
012750
061040
069330
266370
472830
143240
066970
394280
123330
352540
389260
289080
069510
367760
003060
449190
415340
005690
032620
097800
003030
253160
402460
301410
084690
086900
002690
234300
291620
305080
250730
161390
411050
003545
036200
159910
032860
045390
010130
000325
103140
33626K
101730
290560
032980
151860
473590
033240
451060
033640
057680
008420
163730
038530
214320
037370
452280
005430
360070
000140
003075
407310
469820
272560
112040
019550
139480
146320
048870
199800
372170
089790
214430
122260
095610
051915
006405
307510
049430
006800
126560
354240
053030
464440
042510
054220
035720
069500
083470
289010
057030
475050
352940
255440
364960
267790
456100
090460
017890
117730
002070
115440
086790
00104K
117670
472230
459560
003620
137080
486240
003070
033290
301400
013000
435040
448730
059120
011155
272290
001210
175140
007330
131030
462540
278470
054540
251630
060540
417450
051390
397420
033100
228670
215600
042600
477470
089590
000890
038340
476690
065710
083500
009780
007720
419650
479850
033050
069140
086980
063440
036710
330350
474220
436180
053980
000300
317400
453330
114260
397410
429870
023000
475350
001140
278650
131970
438570
011560
220260
122690
001940
289480
282880
023790
335890
012030
023590
214260
008490
216080
122990
039130
456880
395760
293490
301300
270800
241520
458610
103840
119650
072130
462340
000400
314250
373530
126700
003120
458260
305540
448540
056080
088910
104200
011210
291630
046070
041020
402490
273060
330730
170920
021650
353810
333050
215000
049770
227540
311320
200030
265560
039490
250000
465680
430690
382480
900270
007160
043370
015590
315270
099430
038390
001570
476850
471460
049550
353190
032560
104830
010620
329180
096760
191410
001620
38380K
422260
053620
474490
230480
083650
001630
009160
361610
000050
004980
054090
456200
328370
049630
002795
214390
114100
102710
332620
005670
105560
321260
085670
404650
438080
007590
447620
131180
183710
429270
419080
092440
169950
003350
186230
114840
900120
390400
031330
290740
192390
139310
049120
005257
412350
183300
011230
292160
251270
418670
060590
449450
000157
162300
276000
044060
050760
039310
263810
900290
107640
900250
338100
001790
003650
445930
463640
442570
332940
003230
284740
461910
002450
461500
473330
335870
439410
480040
379810
404990
004310
000860
462020
139320
298690
000250
145170
051630
214180
001820
145210
033540
004140
140700
429760
105760
010780
284980
078890
119850
014790
004490
079170
036220
226360
213500
241710
062860
478440
027050
433250
045340
303360
359090
097230
442580
001470
099190
079940
372800
123690
060240
036030
187660
357870
069460
001430
348150
286750
439090
373200
002680
007530
230360
064260
000390
011930
332370
036800
092040
385600
272570
486450
003610
004270
152380
032300
317870
054670
064240
030000
280320
030210
006740
331520
292500
025440
372320
341850
026910
452670
458870
394660
445970
402030
002020
016790
463050
440640
435420
232080
025770
457930
433870
469880
450190
018680
477380
013120
284430
317120
002100
352480
277810
024800
168580
023770
253230
347890
474920
019685
411080
154030
095570
011790
071320
108670
065500
210980
039420
453870
043360
007980
051160
050960
010600
291810
102120
221840
020000
460930
054410
375270
005360
473380
426150
36328K
236810
228340
067170
317240
469580
122870
352910
450140
405920
088790
056090
391710
004100
037560
228790
282720
003580
011760
236350
153270
001120
014710
002420
290660
195970
483340
259630
009155
274400
438580
373110
471990
007120
002800
065690
348350
458250
401170
119860
052900
003465
215620
422040
458320
034950
200130
060560
413630
219390
019660
005930
158430
047770
023450
247540
117690
487750
101140
318160
129890
457550
449770
450180
218150
035460
161000
095340
017390
486290
014570
010280
487240
067000
035420
145720
000650
269370
001550
006620
367740
166480
029780
001020
095660
302190
031860
001380
066910
452440
442900
012450
096630
011200
159010
214330
226400
114450
477080
001720
425420
136540
256750
011150
006890
018310
438210
004690
004440
194700
395290
010100
006730
488080
254120
466810
005030
002150
402970
085910
010420
140910
452400
388720
093240
053080
294140
001810
462510
363280
016800
081580
449780
053290
013360
325010
009770
024120
043090
418420
206650
445290
364690
139280
373220
017250
394350
004710
348340
432470
049470
405100
473370
305090
069730
032350
451670
295020
146060
102370
126640
475150
263750
083930
000720
445690
030350
002030
476260
079960
442310
299660
003850
047560
469480
041650
144600
473290
290670
460270
177350
396510
012160
083660
001065
082920
009540
080580
376980
306040
472350
115310
005680
291230
360350
200670
031430
483280
012205
230240
455030
140070
100700
435380
220130
263050
053060
065350
395160
204270
095720
294570
045060
00088K
448280
024810
153490
267850
183490
016450
402520
457700
171120
008470
024880
019990
407830
089530
009680
087600
093640
377190
005389
047040
334690
261200
025870
076610
007860
009270
066790
371150
018250
044340
035620
317850
237690
200880
347850
139260
233740
219750
010955
252650
020120
052300
092600
039740
089140
042700
047920
038290
174900
130580
448570
233160
360200
086060
007310
000440
009140
464060
096770
036010
093190
004990
445150
442130
333430
277070
058400
036170
451250
023160
464680
004720
088280
415580
453950
003490
067280
427110
004590
009470
058630
377030
258790
009450
252420
261240
215360
090350
178320
391600
000480
389500
487230
266420
000370
445360
329670
066670
357880
267270
084670
110020
002290
294400
024940
192090
053260
259960
086450
145670
241840
356890
469170
005440
453630
033340
441540
213420
023910
256840
420570
011690
010040
011370
099390
072770
197140
016710
229640
038010
214610
211900
011090
451530
950220
437080
048830
383800
028100
298340
476470
035290
448600
109080
234310
310870
00279K
036830
087260
104620
314700
144510
460850
437370
024890
228820
109610
326240
013700
025540
211560
145990
215100
453060
385550
122450
467940
014190
433330
327260
298830
106190
068290
041190
011810
225570
196490
223250
101670
261260
093920
014915
102110
435540
030190
107590
084370
086280
097955
091230
217270
138520
336260
480310
069080
335810
054450
114820
210120
012340
082740
334970
017650
373490
156100
183190
069920
032280
270520
241390
328130
092300
000320
139990
318020
136410
009420
308620
276970
100790
376180
101530
326230
381570
004170
006110
063080
348080
332930
466910
115500
417200
480030
114630
484790
039200
091170
012620
096040
008500
418170
108230
025890
003475
241690
017480
057880
248070
001060
005850
031440
317770
316140
243070
192720
093370
251350
225190
321410
077500
171090
453450
001770
461950
016590
128940
451540
333940
008260
049830
001080
385560
079810
078520
078130
003800
017860
047400
010240
468630
229200
129920
040420
245710
004890
217730
108675
101000
453640
274090
005860
008110
270810
001685
298060
443250
069410
001130
304660
45014K
340930
122350
096610
429000
300950
037950
445090
218420
079550
115390
334890
336060
130680
143210
005740
089030
035610
308100
306620
223190
015750
329660
023350
226320
200350
089980
284620
486780
337140
441680
001800
145850
452430
389140
092460
145995
009410
086040
025950
004545
038950
424960
367000
034310
006340
429740
434480
065440
292150
059090
039980
250060
012630
050110
115480
082800
004650
198440
364970
008775
400760
252710
344820
267450
033920
453650
181710
315930
371130
329650
440320
058610
464600
463680
226490
138540
252500
253840
000700
067830
463300
027410
086520
003220
199430
005160
052420
000520
421800
040610
354500
066620
295310
010960
192400
023960
195930
300120
333980
403790
266360
034830
289250
110990
375500
323280
065450
051500
079430
472920
134580
036120
455860
033500
257370
002710
364990
476750
225130
314140
331920
005010
136480
060370
347000
385510
054050
033530
402340
400970
046310
096775
304940
476030
171010
138490
458210
215380
292770
126880
058110
122310
238120
139220
474800
090150
299030
452250
465670
067310
044480
025900
347860
331380
037230
119610
204480
025880
161580
032580
350520
108320
298770
070590
016580
452190
024060
246250
123410
178780
357550
009180
314130
174350
088390
018260
253150
389020
438320
473640
073240
060310
190620
228800
036090
238720
072020
385540
072990
457190
33637K
010120
081000
433980
003470
018000
361670
056360
223310
157500
037350
399720
272450
054920
476450
261120
100840
37550L
486830
213610
084730
261060
304770
263690
011070
450910
067390
005250
004080
451600
137950
126600
288980
007575
452300
333970
241180
002780
123860
413600
018700
030200
000660
159580
002380
333950
041590
322180
000815
024090
475260
950200
099410
112290
293780
487130
079650
148780
041920
453080
192080
347770
151910
360750
404470
244920
064090
319640
028080
318010
005990
004920
024720
413930
371470
041520
291130
195940
076080
436610
270870
106240
401470
002900
013570
950130
369370
012790
109960
088260
455250
119830
045300
337930
092230
003200
441270
053580
293580
435620
169330
071840
208350
043610
239340
147760
285800
261780
001750
481190
432600
046940
294870
412570
179900
277540
302440
077360
452980
419170
044180
008290
323350
080530
079970
001270
00781K
357230
003160
027710
089970
483290
401590
100590
448510
245620
033310
033200
100250
225040
072950
421320
007690
011320
250930
131220
228810
110790
089150
068790
071050
458750
094800
436140
104040
127980
208710
329200
28513K
417500
140430
066590
03481K
339770
476760
080720
377220
032685
051900
476810
176950
034020
009620
253590
442770
251600
005420
481850
449180
052260
189860
275300
041910
403550
364980
281990
358570
032080
307870
150900
114800
058730
180640
423160
271050
200250
011080
290080
018880
030610
004985
009415
057540
008040
437780
042940
016610
002790
338840
227950
067570
080520
288330
395750
370090
433220
083790
227610
038110
187270
300610
241590
329750
094360
079160
001440
002810
446690
255220
128660
225030
114810
190510
363570
014825
027740
299900
051910
395150
446700
373170
036560
272210
105190
230980
900100
003560
065370
220180
118990
002760
090410
142280
001340
017000
483330
423170
355390
008250
032750
271980
038540
214450
035250
900340
450940
252670
419530
043220
005950
246690
33637L
456040
204610
005385
036580
408900
063570
465320
462010
049960
453810
037460
075130
160580
256940
121890
289670
378850
330860
039020
001740
298050
425290
000230
375760
090710
002785
267290
160600
433880
005945
285690
009730
365270
383220
014820
000270
264850
020180
036190
205720
123750
427120
214310
256630
411860
214680
014680
418470
115570
094850
125210
018670
123010
009290
296640
310970
001795
071950
127120
387280
368590
065170
094840
059210
044380
422420
225530
391680
237370
097780
265740
001460
352820
477530
062970
014580
353590
419430
007820
036460
254490
404260
352090
007700
486790
090080
078935
194480
091220
278620
009200
214870
195990
006650
475280
133690
058470
413640
439870
215480
302430
244670
052330
004910
053270
488500
414780
481430
461270
443060
078940
018120
298000
448300
028670
267440
111110
377740
950110
319660
269530
204620
057050
045520
096530
016920
105010
036540
102260
368680
019770
078600
419540
232140
004540
337120
428560
003925
065950
064760
039290
154040
058820
253250
362320
292190
042110
095190
475630
338220
053700
010640
078590
376930
163560
289040
097870
067770
013890
011420
030720
469070
415920
378340
252000
474590
130730
090355
247660
461340
014280
044820
448330
354320
219550
012610
019210
285490
187420
035810
173130
000590
009240
457630
008830
363580
006910
001450
004370
481200
117680
053160
051380
03473K
294090
082210
034230
293480
139050
064480
203780
479880
004380
014440
333960
005300
054930
473490
304360
066130
280930
267490
039030
099440
448630
290720
066900
448830
037760
470260
276730
005750
100910
064820
359210
043150
001680
099750
000490
011280
454780
004020
260930
131760
266390
282000
017960
456680
453820
016600
446070
000810
222420
451760
406760
007460
053280
156080
448290
357120
118000
418550
214370
133750
037030
143160
104480
028050
075180
449680
471230
023410
052860
411720
088980
275980
217780
001290
044490
102940
091700
115610
253450
447770
459580
036620
234100
033830
417630
029960
193250
093320
074610
104540
413220
245360
446720
080010
001560
004415
449170
030520
142760
417790
133820
109860
066570
003540
003310
119500
073640
000227
459370
032850
00806K
141000
200470
003000
053210
205500
032960
268600
138360
121800
008700
044780
430500
192410
092220
008370
128820
464540
433500
025980
004255
442550
417860
472170
020710
035900
037710
094480
381970
298540
321370
089850
074600
212560
049520
021820
004835
389470
182400
003547
238090
468510
248270
377450
085660
469150
226380
134060
026940
304100
081150
019170
02826K
060720
272910
004800
439250
234690
355690
005305
067080
025820
038620
005110
044960
237880
470310
477730
405000
430220
091120
017670
147970
365780
253240
269420
006920
100090
471760
104700
012700
272580
013810
004450
383310
102960
280940
082640
433970
067370
009810
011390
100660
012510
344860
105740
025620
438700
003530
416090
108490
192820
305720
257720
101280
267250
219480
457940
291890